XXXXXXXX, Nick
4/1/2005 11:26:08 AM
Set #1

  TIME    TORQUE   POSITION    POS (ANAT)    VELOCITY
  mSec    FT-LBS    Degrees      Degrees       DEG/SEC
     0       0.0      111.4           -6         -0.2
    10       6.9      111.4           -6          1.8
    20       6.5      111.5           -6          7.4
    30       6.4      111.6           -6         11.4
    40       6.0      111.7           -6         16.5
    50       5.5      111.9           -6         21.0
    60       5.1      112.2           -5         28.2
    70       5.1      112.5           -5         32.4
    80       4.0      112.8           -5         36.7
    90       3.8      113.1           -4         40.1
   100       3.6      113.5           -4         43.1
   110       3.0      113.9           -4         45.7
   120       3.0      114.4           -3         48.1
   130       3.0      114.8           -3         50.5
   140       2.8      115.3           -2         52.9
   150       2.4      115.8           -2         55.1
   160       1.9      116.3           -1         56.9
   170       1.7      116.8           -1         58.0
   180       0.7      117.4            0         59.1
   190      -0.5      117.9            0         54.0
   200      -1.1      118.4            1         53.5
   210      -1.2      119.0            2         52.1
   220      -1.4      119.5            2         50.8
   230      -1.5      120.0            3         49.2
   240      -0.5      120.5            3         47.9
   250      -1.0      120.9            3         47.1
   260      -1.5      121.4            4         46.0
   270      -2.0      121.8            4         44.4
   280      -2.5      122.3            5         42.3
   290      -3.0      122.7            5         40.1
   300      -3.3      123.1            6         37.8
   310      -3.6      123.4            6         34.6
   320      -3.6      123.7            6         31.6
   330      -3.6      124.0            7         28.2
   340      -4.1      124.3            7         25.2
   350      -4.1      124.5            7         21.5
   360      -4.1      124.7            7         18.1
   370      -4.1      124.9            7         14.3
   380      -4.4      125.0            8         11.1
   390      -4.6      125.1            8          7.7
   400      -4.6      125.1            8          3.4
   410      -5.2      125.1            8         -0.5
   420      -5.7      125.1            8         -2.1
   430      -5.9      125.1            8         -6.3
   440      -6.2      125.0            8        -10.3
   450      -6.2      124.8            7        -15.4
   460      -5.9      124.6            7        -20.2
   470      -5.7      124.4            7        -24.7
   480      -5.7      124.1            7        -29.2
   490      -5.4      123.8            6        -33.5
   500      -5.3      123.4            6        -38.0
   510      -5.2      123.0            6        -42.0
   520      -4.6      122.6            5        -46.3
   530      -5.2      122.1            5        -50.0
   540      -5.2      121.5            4        -53.2
   550      -4.6      121.0            4        -57.2
   560      -4.6      120.4            3        -60.9
   570      -4.6      119.7            2        -64.6
   580      -4.1      119.1            2        -67.8
   590      -3.6      118.4            1        -70.8
   600      -3.6      117.6            0        -73.2
   610      -4.6      116.9           -1        -75.3
   620      -5.6      116.3           -1        -68.6
   630      -5.9      115.7           -2        -64.4
   640      -5.7      115.2           -2        -59.9
   650      -5.7      114.6           -3        -55.6
   660      -5.2      114.2           -3        -47.1
   670      -4.1      113.7           -4        -39.4
   680      -3.3      113.3           -4        -36.7
   690      -1.8      112.9           -5        -33.5
   700      -0.5      112.6           -5        -37.5
   710      -0.5      112.3           -5        -35.1
   720       2.4      112.0           -5        -29.5
   730       4.6      111.7           -6        -24.2
   740       5.1      111.5           -6        -21.0
   750       6.0      111.2           -6        -17.0
   760       7.7      111.1           -6        -12.5
   770       9.0      111.0           -6         -6.9
   780       9.9      111.0           -6         -0.2
   790      10.7      111.0           -6          3.4
   800      11.2      111.1           -6         12.2
   810      14.7      111.3           -6         22.0
   820      17.3      111.6           -6         33.8
   830      17.5      112.0           -5         47.9
   840      18.4      112.5           -5         63.0
   850      17.6      113.2           -4         78.0
   860      17.3      114.0           -3         92.9
   870      16.3      114.9           -3        107.2
   880      15.4      116.0           -1        120.5
   890      14.7      117.2            0        133.1
   900      14.2      118.5            1        132.5
   910      13.9      119.9            2        143.4
   920      14.2      121.4            4        154.4
   930      14.7      123.0            6        165.3
   940      16.0      124.8            7        176.2
   950      17.3      126.6            9        188.4
   960      17.5      128.6           11        200.9
   970      18.4      130.7           13        213.7
   980      22.0      132.9           15        228.1
   990      24.6      135.3           18        238.0
  1000      28.9      137.7           20        239.3
  1010      30.9      140.1           23        239.6
  1020      32.6      142.5           25        239.6
  1030      32.9      144.9           27        239.6
  1040      30.3      147.3           30        239.3
  1050      25.9      149.7           32        239.3
  1060      20.4      152.1           35        238.8
  1070      14.9      154.4           37        238.5
  1080       9.0      156.8           39        238.5
  1090       4.0      159.2           42        237.4
  1100       2.8      161.4           44        211.9
  1110       4.0      163.5           46        172.7
  1120       9.0      165.1           48        149.0
  1130       9.0      166.3           49        102.4
  1140       9.8      167.3           50         79.3
  1150      11.1      168.0           51         74.0
  1160       7.7      168.6           51         51.9
  1170       1.7      169.0           52         39.6
  1180      -1.2      169.3           52         26.8
  1190     -11.6      169.6           52         22.6
  1200     -15.0      169.7           52         11.7
  1210     -16.8      169.7           52         -0.5
  1220     -20.2      169.6           52        -10.6
  1230     -22.8      169.4           52        -26.3
  1240     -21.2      169.1           52        -44.7
  1250     -20.2      168.5           51        -62.5
  1260     -18.0      167.9           50        -71.8
  1270     -16.1      167.1           50        -77.2
  1280     -13.5      166.1           49       -106.7
  1290     -12.4      165.0           48       -118.2
  1300      -9.8      163.9           46       -125.9
  1310      -8.3      162.7           45       -136.0
  1320      -7.7      161.4           44       -142.9
  1330      -7.4      160.0           43       -148.5
  1340      -6.7      158.6           41       -140.5
  1350      -6.7      157.2           40       -145.0
  1360      -8.5      155.7           38       -149.8
  1370      -9.6      154.2           37       -155.7
  1380     -10.8      152.6           35       -162.6
  1390     -11.9      150.9           33       -170.6
  1400     -13.7      149.1           32       -179.7
  1410     -15.0      147.2           30       -189.5
  1420     -15.0      145.2           28       -201.2
  1430     -15.0      143.2           26       -212.1
  1440     -15.6      140.9           23       -223.3
  1450     -15.0      138.6           21       -233.7
  1460     -15.7      136.3           19       -235.8
  1470     -15.7      133.9           16       -235.8
  1480     -14.2      131.5           14       -235.6
  1490     -12.9      129.2           12       -235.3
  1500     -11.9      126.8            9       -235.8
  1510     -11.4      124.5            7       -235.6
  1520      -9.5      122.1            5       -235.0
  1530      -6.7      119.8            2       -234.8
  1540      -3.3      117.5            0       -211.1
  1550      -1.5      115.4           -2       -185.8
  1560       0.8      113.6           -4       -171.7
  1570       5.1      112.3           -5       -121.9
  1580       8.8      111.3           -6       -101.9
  1590      13.4      110.6           -7        -71.0
  1600      17.4      110.0           -7        -53.5
  1610      24.3      109.6           -8        -34.8
  1620      40.1      109.3           -8        -19.1
  1630      49.5      109.4           -8         11.4
  1640      56.9      109.7           -8         40.9
  1650      51.6      110.4           -7         75.6
  1660      41.3      111.5           -6        111.0
  1670      32.4      113.0           -4        140.0
  1680      26.8      114.8           -3        162.1
  1690      24.7      116.7           -1        180.2
  1700      25.6      119.0            2        218.8
  1710      27.8      121.3            4        236.1
  1720      34.1      123.7            6        239.3
  1730      39.3      126.1            9        239.3
  1740      43.9      128.5           11        239.6
  1750      47.9      130.9           13        240.3
  1760      48.6      133.3           16        240.1
  1770      44.4      135.7           18        240.3
  1780      37.2      138.1           21        239.3
  1790      28.7      140.5           23        238.8
  1800      20.2      142.9           25        238.2
  1810      13.4      145.2           28        238.0
  1820       9.0      147.6           30        238.0
  1830       4.0      150.0           33        236.9
  1840       1.9      152.4           35        235.6
  1850      -5.2      154.7           37        233.7
  1860      -7.4      157.0           40        228.4
  1870      -9.5      159.2           42        221.2
  1880     -12.4      161.3           44        190.6
  1890     -12.9      163.2           46        158.6
  1900     -11.9      164.7           47        153.8
  1910     -10.3      165.8           48        111.5
  1920     -13.5      166.8           49         79.0
  1930     -15.8      167.5           50         75.6
  1940     -18.1      168.1           51         53.7
  1950     -21.2      168.5           51         35.4
  1960     -26.1      168.8           51         24.2
  1970     -28.5      168.9           51          2.1
  1980     -30.6      168.8           51        -16.2
  1990     -32.4      168.5           51        -37.0
  2000     -31.6      167.9           50        -61.2
  2010     -30.6      167.1           50        -76.6
  2020     -27.5      166.0           49       -118.4
  2030     -26.0      164.8           47       -142.1
  2040     -24.1      163.4           46       -162.9
  2050     -21.2      161.7           44       -182.8
  2060     -19.2      160.0           43       -199.9
  2070     -17.1      158.0           41       -196.2
  2080     -17.6      156.0           39       -209.7
  2090     -17.9      153.8           36       -222.5
  2100     -18.4      151.4           34       -234.5
  2110     -20.2      149.1           32       -236.4
  2120     -21.2      146.7           29       -236.4
  2130     -22.8      144.3           27       -237.2
  2140     -24.3      142.0           25       -236.9
  2150     -24.1      139.6           22       -237.4
  2160     -23.9      137.2           20       -237.4
  2170     -22.3      134.9           17       -237.2
  2180     -20.2      132.5           15       -236.4
  2190     -16.8      130.1           13       -235.8
  2200     -12.9      127.8           10       -235.6
  2210      -9.4      125.4            8       -235.3
  2220      -5.7      123.1            6       -235.0
  2230      -1.5      120.7            3       -234.5
  2240       7.7      118.4            1       -233.4
  2250      17.3      116.2           -1       -200.1
  2260      25.9      114.4           -3       -171.7
  2270      40.3      112.9           -5       -141.6
  2280      49.0      111.9           -6        -95.3
  2290      52.8      111.2           -6        -63.6
  2300      47.5      111.0           -6        -18.3
  2310      46.6      111.0           -6         11.4
  2320      48.6      111.4           -6         39.6
  2330      46.6      112.1           -5         74.8
  2340      44.4      113.3           -4        130.9
  2350      40.1      114.7           -3        167.9
  2360      35.0      116.5           -1        201.5
  2370      32.0      118.5            1        231.0
  2380      32.4      120.8            3        233.7
  2390      38.3      123.2            6        239.3
  2400      43.5      125.6            8        240.1
  2410      47.4      128.0           11        240.1
  2420      48.4      130.4           13        240.6
  2430      46.9      132.8           15        240.1
  2440      44.3      135.2           18        240.3
  2450      41.3      137.6           20        239.8
  2460      38.3      140.0           23        240.1
  2470      34.0      142.4           25        239.3
  2480      27.8      144.8           27        239.3
  2490      22.5      147.1           30        238.5
  2500      16.3      149.5           32        238.8
  2510      11.2      151.9           34        238.2
  2520       5.9      154.3           37        236.9
  2530       2.8      156.7           39        236.4
  2540      -5.7      159.0           42        234.8
  2550      -8.8      161.2           44        206.5
  2560      -8.8      163.3           46        173.0
  2570      -9.4      164.9           47        163.9
  2580     -11.6      166.1           49        116.0
  2590     -12.7      167.1           50         80.1
  2600     -15.6      167.8           50         68.9
  2610     -16.6      168.4           51         47.6
  2620     -21.2      168.8           51         43.1
  2630     -24.0      169.1           52         23.1
  2640     -27.4      169.2           52          3.7
  2650     -30.1      169.1           52        -11.4
  2660     -31.1      168.8           51        -30.3
  2670     -31.6      168.3           51        -51.3
  2680     -29.5      167.5           50        -89.1
  2690     -26.9      166.5           49       -114.7
  2700     -24.4      165.4           48       -124.0
  2710     -24.0      164.0           47       -128.3
  2720     -22.0      162.4           45       -144.2
  2730     -21.2      160.7           43       -158.4
  2740     -20.2      158.7           41       -192.4
  2750     -19.2      156.7           39       -207.6
  2760     -19.9      154.5           37       -222.5
  2770     -22.0      152.2           35       -235.3
  2780     -25.4      149.8           32       -236.9
  2790     -26.2      147.5           30       -237.7
  2800     -28.2      145.1           28       -238.5
  2810     -30.6      142.7           25       -237.7
  2820     -30.6      140.3           23       -238.2
  2830     -30.1      137.9           20       -238.0
  2840     -28.2      135.6           18       -237.7
  2850     -25.4      133.2           16       -237.4
  2860     -21.2      130.8           13       -236.9
  2870     -17.1      128.4           11       -236.6
  2880     -11.9      126.1            9       -236.1
  2890      -8.3      123.7            6       -235.8
  2900      -4.1      121.4            4       -235.6
  2910      -1.1      119.0            2       -234.8
  2920       6.0      116.8           -1       -208.9
  2930      18.5      114.8           -3       -187.9
  2940      30.0      113.2           -4       -140.0
  2950      46.4      112.1           -5       -105.6
  2960      57.9      111.3           -6        -70.2
  2970      61.7      111.0           -6        -22.8
  2980      55.8      111.0           -6         14.1
  2990      53.8      111.4           -6         47.9
  3000      46.9      112.3           -5         93.9
  3010      40.9      113.5           -4        117.6
  3020      36.1      115.0           -2        145.6
  3030      32.4      116.8           -1        169.8
  3040      28.7      119.0            2        213.5
  3050      27.8      121.3            4        235.0
  3060      33.9      123.7            6        240.1
  3070      41.3      126.1            9        240.1
  3080      48.6      128.5           11        240.6
  3090      52.6      130.9           13        240.9
  3100      52.3      133.3           16        241.1
  3110      47.2      135.7           18        240.9
  3120      41.2      138.1           21        239.8
  3130      34.2      140.5           23        239.6
  3140      29.5      142.9           25        239.0
  3150      24.3      145.3           28        238.8
  3160      20.6      147.7           30        238.5
  3170      16.3      150.1           33        238.2
  3180      12.1      152.4           35        237.4
  3190       7.7      154.8           37        236.9
  3200       3.8      157.2           40        236.6
  3210       1.7      159.5           42        236.4
  3220      -4.6      161.9           44        253.4
  3230      -3.3      163.7           46        184.7
  3240      -4.6      165.3           48        127.2
  3250      -7.4      166.5           49        118.2
  3260      -9.5      167.3           50         83.5
  3270     -12.9      168.0           51         56.7
  3280     -16.0      168.6           51         52.7
  3290     -20.2      168.9           51         34.6
  3300     -26.0      169.1           52         16.2
  3310     -30.3      169.2           52         -1.8
  3320     -33.7      169.0           52        -21.2
  3330     -36.8      168.6           51        -48.7
  3340     -35.7      168.0           51        -79.3
  3350     -35.0      167.0           50       -109.6
  3360     -35.2      165.8           48       -138.9
  3370     -32.4      164.5           47       -152.0
  3380     -28.0      162.8           45       -158.4
  3390     -25.1      160.7           43       -216.4
  3400     -22.8      158.6           41       -215.3
  3410     -18.6      156.3           39       -232.6
  3420     -20.2      154.0           37       -236.4
  3430     -22.3      151.6           34       -236.6
  3440     -22.0      149.2           32       -236.9
  3450     -24.0      146.9           29       -236.6
  3460     -26.7      144.5           27       -237.2
  3470     -28.2      142.1           25       -238.0
  3480     -28.5      139.7           22       -238.0
  3490     -28.5      137.4           20       -237.7
  3500     -27.5      135.0           18       -237.7
  3510     -24.4      132.6           15       -237.2
  3520     -20.2      130.3           13       -236.4
  3530     -15.7      127.9           10       -236.4
  3540      -9.8      125.5            8       -235.6
  3550      -5.7      123.2            6       -235.3
  3560      -2.0      120.8            3       -234.5
  3570       7.1      118.5            1       -234.0
  3580      11.6      116.2           -1       -245.7
  3590      26.8      114.4           -3       -173.0
  3600      46.1      113.0           -4       -129.9
  3610      54.9      112.0           -5        -83.3
  3620      58.8      111.4           -6        -51.1
  3630      50.3      111.2           -6         -8.7
  3640      48.4      111.4           -6         23.6
  3650      47.3      111.9           -6         63.6
  3660      44.4      112.7           -5        104.3
  3670      40.3      113.9           -4        141.3
  3680      36.1      115.5           -2        175.1
  3690      31.3      117.3            0        204.9
  3700      29.4      119.3            2        210.5
  3710      31.0      121.6            4        233.2
  3720      39.8      124.0            7        239.6
  3730      48.6      126.4            9        240.1
  3740      53.6      128.8           11        240.3
  3750      54.7      131.2           14        240.3
  3760      51.7      133.6           16        240.3
  3770      45.5      136.0           19        239.6
  3780      40.3      138.4           21        239.3
  3790      36.2      140.8           23        238.8
  3800      32.0      143.2           26        238.8
  3810      27.3      145.6           28        238.8
  3820      23.5      148.0           31        238.5
  3830      20.4      150.4           33        238.2
  3840      17.3      152.7           35        238.0
  3850      13.9      155.1           38        237.4
  3860      10.6      157.5           40        237.7
  3870       7.1      159.9           42        236.9
  3880       3.8      162.1           45        205.7
  3890       7.1      164.1           47        198.0
  3900       5.1      165.5           48        138.9
  3910       1.9      166.6           49         95.5
  3920       0.7      167.6           50         89.7
  3930      -3.6      168.2           51         62.2
  3940      -8.0      168.7           51         51.3
  3950     -10.8      169.1           52         38.6
  3960     -17.1      169.4           52         27.1
  3970     -25.1      169.5           52         12.2
  3980     -29.5      169.5           52         -6.9
  3990     -31.1      169.3           52        -27.6
  4000     -35.8      168.9           51        -53.2
  4010     -35.8      168.2           51        -74.8
  4020     -36.5      167.2           50       -102.4
  4030     -36.5      166.0           49       -116.0
  4040     -29.3      164.5           47       -171.7
  4050     -24.9      162.8           45       -177.3
  4060     -22.2      160.9           43       -176.2
  4070     -17.1      158.7           41       -211.9
  4080     -14.0      156.5           39       -224.9
  4090     -13.7      154.2           37       -234.2
  4100     -15.6      151.8           34       -235.8
  4110     -15.6      149.5           32       -235.8
  4120     -16.8      147.1           30       -236.1
  4130     -19.9      144.7           27       -236.4
  4140     -22.8      142.4           25       -236.9
  4150     -26.2      140.0           23       -237.4
  4160     -28.5      137.6           20       -238.0
  4170     -30.3      135.2           18       -237.7
  4180     -29.5      132.9           15       -237.4
  4190     -26.1      130.5           13       -236.9
  4200     -21.2      128.1           11       -236.9
  4210     -15.8      125.7            8       -236.6
  4220     -10.8      123.4            6       -235.8
  4230      -5.7      121.0            4       -235.3
  4240      -2.0      118.7            1       -234.8
  4250       8.1      116.4           -1       -252.6
  4260      18.2      114.5           -3       -182.8
  4270      29.8      113.0           -4       -137.1
  4280      48.4      111.9           -6        -89.9
  4290      55.9      111.2           -6        -63.3
  4300      61.1      110.9           -7        -21.2
  4310      53.1      111.0           -6         21.2
  4320      46.4      111.5           -6         61.4
  4330      40.9      112.3           -5         91.5
  4340      37.0      113.5           -4        136.0
  4350      34.1      115.0           -2        166.9
  4360      33.7      116.7           -1        195.1
  4370      32.6      118.6            1        203.3
  4380      31.8      120.9            3        228.1
  4390      35.6      123.2            6        239.0
  4400      42.4      125.6            8        239.8
  4410      48.6      128.0           11        240.6
  4420      51.8      130.4           13        240.3
  4430      50.8      132.9           15        240.6
  4440      45.5      135.3           18        239.8
  4450      40.1      137.7           20        240.1
  4460      36.0      140.0           23        239.0
  4470      32.4      142.4           25        239.0
  4480      28.5      144.8           27        238.8
  4490      24.7      147.2           30        239.0
  4500      21.2      149.6           32        238.5
  4510      15.2      152.0           35        238.5
  4520      10.2      154.4           37        237.4
  4530       5.8      156.7           39        236.9
  4540       2.8      159.1           42        236.4
  4550      -5.7      161.3           44        211.3
  4560      -3.3      163.4           46        178.6
  4570      -3.3      165.1           48        165.0
  4580      -5.7      166.3           49        116.3
  4590      -7.7      167.2           50         79.6
  4600      -9.3      168.0           51         74.2
  4610     -10.3      168.5           51         52.1
  4620     -14.5      169.0           52         35.4
  4630     -19.9      169.3           52         30.3
  4640     -24.9      169.4           52         12.2
  4650     -30.1      169.4           52         -5.3
  4660     -34.5      169.2           52        -22.0
  4670     -39.9      168.8           51        -45.5
  4680     -39.9      168.1           51        -72.4
  4690     -40.9      167.0           50       -100.8
  4700     -42.0      165.6           48       -156.2
  4710     -36.5      164.0           47       -173.3
  4720     -31.6      162.1           45       -180.2
  4730     -28.5      159.8           42       -224.1
  4740     -24.9      157.5           40       -237.2
  4750     -23.3      155.1           38       -237.2
  4760     -22.8      152.7           35       -237.4
  4770     -23.3      150.3           33       -237.2
  4780     -24.3      148.0           31       -237.2
  4790     -25.9      145.6           28       -237.7
  4800     -28.5      143.2           26       -238.0
  4810     -30.8      140.8           23       -238.0
  4820     -32.3      138.5           21       -238.2
  4830     -31.6      136.1           19       -238.5
  4840     -29.5      133.7           16       -238.5
  4850     -24.9      131.3           14       -238.5
  4860     -19.9      128.9           11       -237.7
  4870     -15.0      126.6            9       -236.6
  4880      -9.7      124.2            7       -236.1
  4890      -5.4      121.9            4       -235.3
  4900      -2.0      119.5            2       -234.8
  4910       6.1      117.3            0       -211.1
  4920      12.3      115.1           -2       -180.7
  4930      27.2      113.5           -4       -152.8
  4940      42.7      112.2           -5       -123.7
  4950      47.4      111.4           -6        -80.1
  4960      54.9      110.9           -7        -43.1
  4970      52.6      110.7           -7         -0.7
  4980      48.6      110.9           -7         26.6
  4990      44.3      111.5           -6         60.1
  5000      39.1      112.4           -5         91.0
  5010      33.9      113.7           -4        117.9
  5020      31.5      115.2           -2        141.3
  5030      30.8      116.9           -1        162.3
  5040      31.5      119.0            2        204.4
  5050      33.7      121.2            4        228.4
  5060      38.3      123.6            6        240.1
  5070      45.3      126.0            9        240.6
  5080      49.6      128.4           11        240.6
  5090      51.4      130.8           13        240.6
  5100      49.6      133.2           16        240.6
  5110      45.1      135.6           18        240.6
  5120      39.3      138.0           21        239.8
  5130      35.0      140.4           23        239.6
  5140      30.5      142.8           25        239.0
  5150      26.8      145.2           28        238.8
  5160      22.2      147.6           30        239.0
  5170      17.5      150.0           33        238.8
  5180      13.4      152.3           35        237.7
  5190       9.9      154.7           37        237.2
  5200       5.9      157.1           40        236.6
  5210       2.9      159.4           42        236.6
  5220      -3.6      161.8           44        233.2
  5230      -0.5      163.7           46        187.4
  5240       0.0      165.2           48        129.3
  5250      -3.0      166.5           49        119.5
  5260      -4.6      167.3           50         84.3
  5270      -6.7      168.0           51         58.0
  5280     -10.9      168.5           51         48.7
  5290     -16.0      168.9           51         33.0
  5300     -24.0      169.2           52         25.2
  5310     -32.4      169.3           52          4.2
  5320     -38.5      169.2           52        -14.1
  5330     -42.5      168.9           51        -38.6
  5340     -46.1      168.2           51        -67.6
  5350     -44.0      167.2           50        -99.5
  5360     -44.0      165.8           48       -131.5
  5370     -39.4      164.1           47       -158.9
  5380     -30.1      162.1           45       -225.7
  5390     -25.4      159.8           42       -250.2
  5400     -24.1      157.5           40       -236.9
  5410     -22.0      155.1           38       -236.9
  5420     -21.8      152.7           35       -236.9
  5430     -23.3      150.4           33       -236.9
  5440     -25.1      148.0           31       -237.2
  5450     -26.9      145.6           28       -237.4
  5460     -29.3      143.2           26       -237.4
  5470     -31.6      140.9           23       -238.0
  5480     -31.1      138.5           21       -238.2
  5490     -30.6      136.1           19       -238.2
  5500     -27.4      133.7           16       -237.2
  5510     -22.8      131.4           14       -236.9
  5520     -17.1      129.0           12       -236.6
  5530     -12.7      126.6            9       -235.8
  5540      -8.8      124.3            7       -235.8
  5550      -4.1      121.9            4       -235.0
  5560      -1.5      119.6            2       -234.5
  5570       6.1      117.2            0       -233.2
  5580       9.0      115.2           -2       -200.4
  5590      22.0      113.6           -4       -136.3
  5600      36.1      112.3           -5       -113.4
  5610      47.9      111.4           -6        -83.3
  5620      57.8      110.9           -7        -40.4
  5630      60.5      110.8           -7          0.2
  5640      57.9      111.0           -6         33.8
  5650      52.6      111.7           -6         78.0
  5660      44.3      112.8           -5        106.4
  5670      36.1      114.2           -3        136.8
  5680      30.5      115.9           -2        161.3
  5690      26.9      118.0            1        202.5
  5700      26.1      120.2            3        223.6
  5710      30.0      122.5            5        238.0
  5720      38.8      124.9            7        240.1
  5730      48.6      127.3           10        240.1
  5740      54.9      129.7           12        240.6
  5750      58.8      132.2           15        240.9
  5760      56.4      134.6           17        241.1
  5770      49.6      137.0           20        240.1
  5780      42.2      139.4           22        239.3
  5790      35.0      141.8           24        238.8
  5800      28.7      144.2           27        238.5
  5810      24.3      146.5           29        238.8
  5820      21.7      148.9           31        238.2
  5830      17.4      151.3           34        238.2
  5840      14.9      153.7           36        237.7
  5850      11.2      156.1           39        237.4
  5860       7.5      158.4           41        236.9
  5870       3.3      160.7           43        212.7
  5880       3.0      162.9           45        187.9
  5890       2.9      164.7           47        177.5
  5900       0.0      166.0           49        124.0
  5910      -5.7      167.0           50        103.8
  5920      -7.7      167.8           50         72.1
  5930     -11.9      168.4           51         59.9
  5940     -17.6      168.8           51         41.2
  5950     -25.4      169.1           52         23.6
  5960     -32.7      169.2           52          5.8
  5970     -37.3      169.1           52        -16.7
  5980     -42.0      168.8           51        -45.7
  5990     -45.1      168.1           51        -79.0
  6000     -42.8      167.1           50       -118.4
  6010     -42.5      165.8           48       -154.1
  6020     -40.6      164.1           47       -189.5
  6030     -33.7      162.3           45       -181.0
  6040     -28.5      160.0           43       -226.5
  6050     -28.2      157.6           40       -237.4
  6060     -28.2      155.2           38       -237.7
  6070     -28.2      152.9           35       -237.7
  6080     -31.1      150.5           33       -237.7
  6090     -34.6      148.1           31       -238.5
  6100     -36.8      145.7           28       -238.5
  6110     -40.5      143.3           26       -239.6
  6120     -43.5      140.9           23       -239.6
  6130     -43.5      138.5           21       -239.6
  6140     -41.5      136.1           19       -239.3
  6150     -36.8      133.7           16       -239.0
  6160     -31.1      131.3           14       -238.8
  6170     -23.3      129.0           12       -238.8
  6180     -17.1      126.6            9       -236.9
  6190     -11.6      124.2            7       -236.1
  6200      -6.7      121.9            4       -235.6
  6210      -3.3      119.5            2       -234.8
  6220      -0.5      117.2            0       -234.0
  6230       0.5      115.1           -2       -179.7
  6240       6.1      113.5           -4       -154.4
  6250      13.4      112.2           -5       -105.4
  6260      32.4      111.3           -6        -89.1
  6270      39.8      110.5           -7        -68.4
  6280      52.2      110.2           -7        -31.9
  6290      59.7      110.1           -7          7.7
  6300      61.9      110.5           -7         46.5
  6310      52.6      111.3           -6         99.3
  6320      43.5      112.5           -5        145.0
  6330      34.1      114.1           -3        181.2
  6340      28.2      115.9           -2        210.3
  6350      25.9      118.0            1        233.7
  6360      26.2      120.3            3        231.8
  6370      32.4      122.7            5        239.0
  6380      40.9      125.1            8        240.1
  6390      49.5      127.5           10        240.3
  6400      56.8      129.9           12        241.1
  6410      60.9      132.3           15        241.4
  6420      58.8      134.7           17        241.7
  6430      51.6      137.1           20        240.1
  6440      42.2      139.5           22        239.3
  6450      32.9      141.9           24        238.8
  6460      24.6      144.3           27        238.5
  6470      19.6      146.7           29        238.5
  6480      17.5      149.1           32        238.0
  6490      16.0      151.4           34        237.4
  6500      14.2      153.8           36        238.2
  6510      12.1      156.2           39        238.2
  6520       9.5      158.6           41        237.4
  6530       5.6      160.8           43        213.2
  6540       6.0      163.0           46        187.4
  6550       7.1      164.8           47        161.8
  6560       2.3      166.1           49        110.7
  6570       0.5      167.1           50         95.0
  6580      -4.4      167.9           50         64.1
  6590     -10.1      168.4           51         53.7
  6600     -14.5      168.9           51         36.2
  6610     -19.1      169.2           52         25.8
  6620     -29.3      169.4           52         10.3
  6630     -37.8      169.3           52         -8.5
  6640     -42.7      169.0           52        -31.6
  6650     -45.1      168.5           51        -61.2
  6660     -49.0      167.5           50        -92.3
  6670     -47.7      166.2           49       -153.3
  6680     -45.6      164.5           47       -192.7
  6690     -39.4      162.6           45       -186.8
  6700     -30.2      160.2           43       -258.7
  6710     -30.1      157.8           40       -238.2
  6720     -26.9      155.4           38       -238.0
  6730     -25.4      153.1           36       -237.4
  6740     -26.9      150.7           33       -237.4
  6750     -29.5      148.3           31       -238.2
  6760     -30.6      145.9           28       -238.2
  6770     -32.6      143.5           26       -238.0
  6780     -34.5      141.2           24       -238.2
  6790     -34.7      138.8           21       -238.5
  6800     -33.7      136.4           19       -239.0
  6810     -31.1      134.0           17       -238.8
  6820     -26.7      131.6           14       -238.0
  6830     -21.0      129.2           12       -236.9
  6840     -15.0      126.9            9       -236.4
  6850     -10.3      124.5            7       -236.1
  6860      -5.2      122.2            5       -235.6
  6870      -2.0      119.8            2       -235.0
  6880       5.1      117.6            0       -211.1
  6890       8.8      115.4           -2       -185.8
  6900      13.7      113.7           -4       -158.6
  6910      32.0      112.4           -5       -106.4
  6920      44.5      111.5           -6        -87.8
  6930      52.6      110.8           -7        -59.1
  6940      56.0      110.6           -7        -13.3
  6950      55.2      110.7           -7         19.1
  6960      50.5      111.2           -6         55.1
  6970      43.8      112.1           -5         90.5
  6980      37.2      113.4           -4        120.5
  6990      32.9      114.9           -3        146.1
  7000      29.5      116.7           -1        168.2
  7010      27.9      118.9            1        209.7
  7020      28.7      121.1            4        231.6
  7030      35.0      123.5            6        239.8
  7040      42.8      125.9            8        240.6
  7050      50.7      128.3           11        240.9
  7060      55.2      130.7           13        241.7
  7070      55.9      133.1           16        241.1
  7080      52.1      135.5           18        241.1
  7090      45.5      137.9           20        240.1
  7100      38.8      140.3           23        240.1
  7110      32.9      142.7           25        239.6
  7120      26.4      145.1           28        239.6
  7130      22.1      147.5           30        239.0
  7140      18.4      149.9           32        238.5
  7150      14.2      152.3           35        238.2
  7160      11.2      154.7           37        238.2
  7170       7.7      157.0           40        237.4
  7180       4.6      159.4           42        236.6
  7190       2.8      161.8           44        233.7
  7200       3.6      163.8           46        207.3
  7210       2.9      165.3           48        159.4
  7220       1.7      166.4           49        112.3
  7230      -1.5      167.4           50         77.2
  7240      -6.2      168.1           51         64.6
  7250      -7.5      168.6           51         44.1
  7260     -11.6      169.0           52         40.9
  7270     -18.4      169.3           52         29.0
  7280     -27.4      169.4           52         11.7
  7290     -32.6      169.4           52         -7.1
  7300     -35.7      169.2           52        -25.5
  7310     -40.9      168.7           51        -49.7
  7320     -40.7      167.9           50        -78.0
  7330     -39.9      166.8           49       -106.2
  7340     -38.9      165.4           48       -132.8
  7350     -32.6      163.7           46       -193.8
  7360     -26.4      161.8           44       -199.9
  7370     -24.1      159.6           42       -220.4
  7380     -21.8      157.2           40       -235.3
  7390     -21.9      154.9           37       -237.2
  7400     -24.4      152.5           35       -237.4
  7410     -26.9      150.1           33       -237.2
  7420     -29.3      147.7           30       -237.7
  7430     -32.6      145.4           28       -238.5
  7440     -35.8      143.0           26       -238.8
  7450     -37.8      140.6           23       -239.3
  7460     -38.8      138.2           21       -239.0
  7470     -36.5      135.8           18       -239.3
  7480     -32.1      133.4           16       -239.0
  7490     -25.4      131.0           14       -238.5
  7500     -19.2      128.6           11       -237.7
  7510     -14.0      126.3            9       -236.4
  7520      -8.5      123.9            6       -235.8
  7530      -4.1      121.6            4       -235.3
  7540      -2.0      119.2            2       -234.2
  7550       6.1      117.0            0       -210.0
  7560       9.0      114.8           -3       -211.1
  7570      14.7      113.3           -4       -146.9
  7580      30.0      112.1           -5       -109.9
  7590      43.8      111.2           -6        -88.1
  7600      52.6      110.7           -7        -46.3
  7610      56.9      110.5           -7         -6.1
  7620      54.9      110.8           -7         31.1
  7630      48.6      111.4           -6         76.1
  7640      41.2      112.3           -5        117.9
  7650      35.0      113.7           -4        152.8
  7660      30.3      115.3           -2        182.0
  7670      28.7      117.1            0        207.1
  7680      28.7      119.1            2        210.3
  7690      30.8      121.4            4        232.1
  7700      37.8      123.8            6        239.8
  7710      45.5      126.2            9        240.6
  7720      52.8      128.6           11        240.3
  7730      56.4      131.0           14        240.3
  7740      55.5      133.4           16        240.3
  7750      49.0      135.8           18        240.1
  7760      40.9      138.2           21        239.6
  7770      33.9      140.6           23        238.5
  7780      28.2      143.0           26        238.8
  7790      23.2      145.4           28        238.8
  7800      20.6      147.8           30        238.5
  7810      19.0      150.2           33        238.5
  7820      16.3      152.6           35        238.2
  7830      13.7      155.0           38        238.0
  7840      10.2      157.3           40        238.2
  7850       6.9      159.7           42        237.2
  7860       3.6      162.0           45        253.4
  7870       6.5      163.9           46        183.9
  7880       3.3      165.4           48        126.1
  7890       0.5      166.6           49        108.8
  7900      -4.1      167.5           50         73.7
  7910      -6.2      168.1           51         62.8
  7920     -10.1      168.7           51         42.8
  7930     -15.0      169.1           52         39.4
  7940     -22.8      169.3           52         23.1
  7950     -31.1      169.4           52          3.7
  7960     -35.7      169.3           52        -13.5
  7970     -39.4      169.0           52        -36.4
  7980     -43.5      168.4           51        -63.0
  7990     -44.0      167.4           50        -93.4
  8000     -45.1      166.1           49       -150.4
  8010     -40.5      164.5           47       -169.5
  8020     -32.6      162.6           45       -179.1
  8030     -28.2      160.3           43       -245.4
  8040     -24.4      158.0           41       -237.2
  8050     -22.0      155.6           38       -236.9
  8060     -21.2      153.2           36       -237.2
  8070     -22.3      150.9           33       -236.9
  8080     -22.8      148.5           31       -236.9
  8090     -24.9      146.1           29       -236.9
  8100     -26.9      143.7           26       -237.4
  8110     -30.6      141.4           24       -238.2
  8120     -32.7      139.0           22       -238.8
  8130     -35.2      136.6           19       -239.0
  8140     -34.7      134.2           17       -239.6
  8150     -33.7      131.8           14       -239.0
  8160     -29.0      129.4           12       -239.0
  8170     -24.3      127.0           10       -238.5
  8180     -19.1      124.6            7       -238.5
  8190     -14.5      122.2            5       -237.7
  8200      -9.5      119.9            2       -235.8
  8210      -4.6      117.6            0       -211.6
  8220      -5.4      115.4           -2       -187.9
  8230      -4.1      113.7           -4       -162.1
  8240      -0.5      112.4           -5       -111.5
  8250      10.2      111.3           -6        -95.8
  8260      11.9      110.6           -7        -72.6
  8270      19.9      110.0           -7        -48.7
  8280      39.1      109.6           -8        -34.8
  8290      53.6      109.4           -8         -3.1
  8300      63.2      109.6           -8         26.8
  8310      60.0      110.2           -7         65.7
  8320      50.5      111.3           -6        109.4
  8330      38.3      112.8           -5        142.1
  8340      29.5      114.6           -3        167.9
  8350      23.2      116.6           -1        187.6
  8360      20.4      118.9            1        226.2
  8370      22.7      121.3            4        238.0
  8380      28.9      123.7            6        239.0
  8390      38.3      126.1            9        239.6
  8400      47.3      128.5           11        240.6
  8410      55.2      130.9           13        240.9
  8420      59.3      133.3           16        241.4
  8430      57.5      135.7           18        241.1
  8440      49.0      138.1           21        240.1
  8450      38.3      140.5           23        239.8
  8460      27.7      142.9           25        239.0
  8470      19.4      145.3           28        238.5
  8480      15.2      147.7           30        238.0
  8490      12.3      150.1           33        237.7
  8500      10.1      152.5           35        236.9
  8510       7.5      154.8           37        237.2
  8520       5.4      157.2           40        236.6
  8530       2.9      159.6           42        236.4
  8540      -4.4      161.9           44        256.1
  8550       0.0      163.8           46        187.9
  8560      -1.5      165.4           48        157.3
  8570      -5.9      166.5           49        110.2
  8580      -8.8      167.4           50         90.7
  8590     -11.9      168.1           51         62.5
  8600     -17.1      168.6           51         51.9
  8610     -24.3      169.0           52         32.7
  8620     -32.4      169.1           52         11.1
  8630     -35.2      169.1           52         -8.5
  8640     -40.7      168.8           51        -30.0
  8650     -42.8      168.3           51        -57.2
  8660     -43.6      167.4           50        -87.5
  8670     -46.1      166.1           49       -142.9
  8680     -41.0      164.7           47       -163.7
  8690     -35.2      162.8           45       -174.3
  8700     -30.3      160.5           43       -242.2
  8710     -26.1      158.2           41       -237.2
  8720     -24.3      155.8           38       -237.7
  8730     -24.1      153.4           36       -237.7
  8740     -24.9      151.1           34       -237.4
  8750     -26.9      148.7           31       -237.4
  8760     -30.1      146.3           29       -237.7
  8770     -32.4      143.9           26       -238.0
  8780     -35.2      141.6           24       -238.5
  8790     -35.8      139.2           22       -239.0
  8800     -35.7      136.8           19       -239.0
  8810     -32.6      134.4           17       -238.5
  8820     -28.2      132.0           15       -238.0
  8830     -22.2      129.6           12       -237.4
  8840     -17.1      127.3           10       -237.2
  8850     -12.9      124.9            7       -236.4
  8860      -8.8      122.5            5       -235.8
  8870      -5.4      120.2            3       -235.8
  8880      -2.0      117.8            0       -234.8
  8890      -1.1      115.7           -2       -219.3
  8900       0.5      113.9           -4       -150.1
  8910       6.7      112.5           -5       -128.5
  8920      12.3      111.5           -6        -97.7
  8930      25.6      110.7           -7        -65.7
  8940      39.0      110.1           -7        -49.7
  8950      50.5      109.8           -8        -20.7
  8960      58.0      109.9           -8         15.7
  8970      57.8      110.3           -7         47.1
  8980      47.3      111.1           -6         87.0
  8990      36.1      112.4           -5        119.8
  9000      26.9      113.9           -4        144.8
  9010      21.2      115.7           -2        163.1
  9020      20.6      117.7            0        197.2
  9030      23.5      119.8            2        213.2
  9040      27.9      122.1            5        231.0
  9050      35.5      124.5            7        240.3
  9060      45.1      126.9            9        240.9
  9070      52.7      129.3           12        241.4
  9080      56.9      131.7           14        241.7
  9090      55.2      134.1           17        241.4
  9100      47.4      136.5           19        240.6
  9110      37.2      138.9           21        239.8
  9120      28.7      141.3           24        239.0
  9130      21.5      143.7           26        238.8
  9140      17.1      146.1           29        238.2
  9150      13.9      148.4           31        238.0
  9160      11.2      150.8           33        237.2
  9170       8.8      153.2           36        237.4
  9180       6.1      155.6           38        236.6
  9190       3.6      157.9           40        236.9
  9200       0.5      160.3           43        236.4
  9210      -3.6      162.6           45        243.8
  9220      -2.0      164.3           47        172.7
  9230      -4.4      165.7           48        118.4
  9240      -8.3      166.8           49        101.4
  9250     -10.8      167.6           50         68.9
  9260     -14.0      168.3           51         64.1
  9270     -19.1      168.7           51         43.9
  9280     -26.2      169.1           52         25.5
  9290     -30.6      169.2           52          6.9
  9300     -35.2      169.1           52        -11.7
  9310     -40.5      168.8           51        -33.2
  9320     -42.0      168.2           51        -66.0
  9330     -40.9      167.3           50        -89.7
  9340     -41.7      166.1           49       -130.1
  9350     -38.9      164.6           47       -145.8
  9360     -32.7      162.6           45       -209.2
  9370     -28.5      160.6           43       -236.1
  9380     -25.4      158.3           41       -235.0
  9390     -25.4      155.9           38       -237.4
  9400     -24.9      153.5           36       -237.4
  9410     -26.4      151.1           34       -237.4
  9420     -29.5      148.7           31       -237.7
  9430     -32.6      146.4           29       -238.5
  9440     -35.7      144.0           27       -238.8
  9450     -40.7      141.6           24       -239.0
  9460     -42.6      139.2           22       -239.8
  9470     -43.0      136.8           19       -239.6
  9480     -40.7      134.4           17       -239.8
  9490     -35.8      132.0           15       -239.0
  9500     -28.5      129.6           12       -238.5
  9510     -22.3      127.2           10       -238.2
  9520     -16.0      124.9            7       -236.6
  9530     -10.3      122.5            5       -235.8
  9540      -5.7      120.1            3       -235.3
  9550      -1.8      117.8            0       -234.5
  9560      -1.5      115.6           -2       -218.8
  9570      -1.1      113.8           -4       -149.8
  9580       2.3      112.5           -5       -128.3
  9590       6.4      111.4           -6        -87.5
  9600      12.1      110.6           -7        -73.7
  9610      28.7      110.0           -7        -54.5
  9620      34.0      109.6           -8        -29.5
  9630      52.7      109.5           -8         -3.7
  9640      62.0      109.7           -8         26.3
  9650      65.6      110.3           -7         64.6
  9660      53.8      111.4           -6        110.2
  9670      41.3      112.9           -5        146.6
  9680      30.0      114.8           -3        174.3
  9690      23.7      116.9           -1        194.3
  9700      20.4      119.3            2        233.7
  9710      26.7      121.7            4        239.0
  9720      36.1      124.1            7        239.8
  9730      47.7      126.5            9        240.1
  9740      57.8      128.9           11        241.1
  9750      65.2      131.3           14        241.1
  9760      67.1      133.7           16        241.7
  9770      62.7      136.1           19        240.9
  9780      51.7      138.5           21        240.3
  9790      40.1      140.9           23        239.0
  9800      28.7      143.3           26        239.3
  9810      19.5      145.7           28        238.8
  9820      16.4      148.1           31        238.2
  9830      15.4      150.5           33        238.2
  9840      14.9      152.9           35        237.4
  9850      13.7      155.2           38        237.7
  9860      11.6      157.6           40        237.7
  9870       8.0      160.0           43        237.2
  9880       5.1      162.2           45        204.4
  9890       7.7      164.2           47        196.7
  9900       3.3      165.6           48        137.1
  9910      -0.5      166.7           49         94.2
  9920      -7.5      167.6           50         79.0
  9930     -11.6      168.2           51         59.1
  9940     -15.0      168.7           51         45.2
  9950     -23.3      169.1           52         28.2
  9960     -34.7      169.2           52         13.0
  9970     -36.8      169.2           52        -11.4
  9980     -39.9      168.9           51        -34.6
  9990     -45.1      168.3           51        -65.2
 10000     -44.1      167.4           50       -109.9
 10010     -40.7      166.2           49       -133.1
 10020     -41.0      164.6           47       -147.7
 10030     -36.8      162.8           45       -174.3
 10040     -30.5      160.5           43       -243.0
 10050     -28.2      158.2           41       -237.4
 10060     -28.2      155.8           38       -238.0
 10070     -26.7      153.4           36       -238.2
 10080     -29.0      151.0           34       -238.2
 10090     -31.6      148.6           31       -238.2
 10100     -34.4      146.2           29       -238.2
 10110     -38.5      143.9           26       -238.5
 10120     -42.0      141.5           24       -239.3
 10130     -43.0      139.1           22       -239.6
 10140     -42.7      136.7           19       -239.3
 10150     -39.4      134.3           17       -239.6
 10160     -35.0      131.9           14       -238.8
 10170     -28.5      129.5           12       -238.8
 10180     -22.8      127.1           10       -238.0
 10190     -17.7      124.7            7       -237.2
 10200     -12.7      122.4            5       -236.1
 10210      -7.7      120.0            3       -235.8
 10220      -4.4      117.7            0       -235.0
 10230      -4.6      115.5           -2       -190.3
 10240      -5.5      113.7           -4       -178.9
 10250      -1.0      112.4           -5       -125.6
 10260       3.6      111.4           -6        -96.6
 10270      11.9      110.6           -7        -79.8
 10280      25.4      110.0           -7        -54.3
 10290      50.3      109.7           -8        -30.3
 10300      64.2      109.6           -8          7.4
 10310      74.5      110.0           -7         43.9
